id: type, state, ai, sound, texture

RDT: 100:
    0: 31, 194, 80, 1, 0
    1: 31, 198, 16, 2, 0
    2: 31, 70, 16, 1, 0
    3: 31, 70, 16, 2, 0
    4: 31, 64, 16, 2, 0
    5: 31, 64, 16, 1, 0
    0: 31, 194, 80, 2, 0
    1: 31, 198, 16, 1, 0
    2: 31, 70, 16, 2, 0
    3: 31, 70, 16, 1, 0
    4: 31, 64, 16, 2, 0
    5: 31, 64, 16, 1, 0
RDT: 101:
    0: 72, 0, 0, 0, 0
    1: 31, 64, 0, 5, 1
    2: 31, 64, 0, 5, 2
    3: 31, 64, 0, 5, 0
    4: 31, 64, 0, 5, 0
    0: 72, 0, 1, 0, 0
    1: 31, 64, 0, 5, 1
    2: 31, 64, 0, 5, 2
    3: 31, 64, 0, 5, 0
    4: 31, 64, 0, 5, 0
RDT: 102:
    0: 31, 70, 0, 8, 2
    1: 31, 70, 0, 7, 1
    2: 31, 70, 128, 7, 0
    3: 31, 64, 128, 7, 0
    0: 0, 0, 0, 0, 2
RDT: 103:
    0: 17, 6, 16, 2, 0
    1: 31, 6, 16, 2, 0
    2: 31, 6, 16, 1, 1
    3: 31, 2, 80, 2, 3
    1: 31, 6, 16, 2, 0
    2: 31, 6, 16, 1, 0
    3: 31, 2, 80, 2, 3
    4: 31, 6, 16, 1, 0
    0: 31, 64, 0, 1, 0
    5: 31, 70, 0, 2, 0
    6: 31, 6, 128, 1, 0
    7: 31, 6, 128, 2, 0
    8: 31, 6, 128, 1, 0
RDT: 104:
    0: 31, 6, 16, 1, 0
    1: 31, 6, 16, 2, 0
    2: 31, 6, 144, 1, 0
    3: 31, 6, 144, 2, 0
    4: 31, 6, 144, 1, 0
    5: 31, 134, 16, 2, 0
    0: 31, 6, 16, 1, 0
    1: 31, 6, 16, 2, 0
    2: 31, 0, 16, 1, 0
    3: 31, 0, 16, 2, 0
    4: 31, 0, 16, 1, 0
    5: 31, 128, 16, 2, 0
RDT: 105:
    0: 16, 0, 0, 7, 131
    1: 16, 0, 0, 7, 131
    2: 16, 6, 0, 8, 131
RDT: 106:
    0: 18, 0, 128, 5, 0
    1: 19, 0, 128, 10, 0
    0: 18, 0, 0, 5, 0
    1: 19, 0, 0, 10, 0
RDT: 107:
    0: 16, 0, 0, 9, 0
    1: 16, 0, 0, 9, 0
    2: 16, 0, 0, 41, 0
    0: 31, 0, 0, 9, 0
    1: 31, 0, 0, 9, 0
    2: 31, 0, 0, 9, 0
    3: 19, 0, 0, 11, 0
    0: 31, 6, 0, 9, 0
    1: 31, 0, 0, 9, 0
    2: 31, 6, 0, 9, 0
    3: 19, 6, 0, 11, 0
RDT: 109:
    0: 42, 0, 2, 18, 0
    0: 42, 0, 136, 18, 0
    1: 33, 64, 64, 13, 0
    2: 33, 0, 64, 13, 0
    3: 33, 0, 64, 13, 0
    4: 33, 0, 64, 13, 0
    5: 33, 0, 64, 13, 0
    6: 33, 0, 64, 13, 0
    7: 33, 0, 64, 13, 0
    8: 33, 64, 64, 13, 0
    1: 33, 64, 0, 13, 0
    2: 33, 0, 0, 13, 0
    3: 33, 0, 0, 13, 0
    4: 33, 0, 0, 13, 0
    5: 33, 0, 0, 13, 0
    6: 33, 0, 0, 13, 0
    7: 33, 0, 0, 13, 0
    8: 33, 64, 0, 13, 0
    0: 33, 2, 64, 13, 0
    1: 33, 2, 64, 13, 0
    2: 33, 2, 64, 13, 0
    3: 33, 2, 64, 13, 0
    4: 33, 0, 0, 13, 0
    5: 33, 0, 0, 13, 0
    0: 33, 0, 0, 13, 0
    1: 33, 0, 0, 13, 0
    2: 33, 0, 0, 13, 0
    3: 33, 0, 0, 13, 0
    4: 33, 0, 0, 13, 0
    0: 33, 0, 0, 13, 0
RDT: 10A:
    0: 31, 6, 0, 6, 0
    1: 31, 0, 0, 43, 0
    2: 31, 0, 0, 6, 0
    3: 31, 6, 0, 43, 0
    4: 31, 0, 0, 6, 0
    5: 31, 0, 0, 43, 0
    0: 16, 6, 0, 5, 0
    1: 16, 128, 0, 6, 0
    0: 34, 1, 1, 14, 0
    1: 34, 0, 0, 14, 0
    0: 16, 6, 0, 5, 0
    1: 16, 0, 0, 6, 0
    0: 34, 1, 1, 14, 0
    1: 34, 0, 0, 14, 0
RDT: 10B:
    0: 34, 17, 64, 14, 0
    0: 34, 16, 0, 14, 0
RDT: 10C:
    0: 42, 0, 3, 18, 0
RDT: 10D:
    0: 42, 0, 0, 18, 0
RDT: 10E:
    255: 69, 0, 64, 0, 0
RDT: 10F:
    0: 31, 0, 0, 4, 0
    1: 31, 0, 0, 4, 0
    2: 31, 0, 0, 4, 0
    3: 31, 0, 0, 3, 0
    4: 31, 0, 0, 3, 0
    5: 31, 0, 0, 3, 0
    6: 31, 0, 0, 3, 0
RDT: 110:
    0: 16, 0, 0, 3, 3
    1: 16, 0, 0, 3, 3
    2: 16, 6, 0, 4, 3
    0: 16, 6, 0, 3, 3
    1: 16, 6, 0, 3, 3
    2: 16, 6, 0, 4, 3
    3: 16, 6, 0, 4, 3
    0: 34, 0, 0, 14, 3
    0: 16, 0, 0, 3, 3
    1: 16, 0, 0, 3, 3
    2: 16, 0, 0, 4, 3
    0: 31, 6, 0, 3, 3
    1: 31, 0, 0, 3, 3
    2: 31, 0, 0, 4, 3
    3: 31, 6, 0, 4, 3
    4: 31, 0, 0, 4, 3
    0: 34, 0, 0, 14, 3
    0: 57, 17, 0, 19, 0
    1: 57, 17, 0, 19, 0
    2: 47, 0, 32, 0, 0
RDT: 112:
    0: 31, 10, 64, 0, 3
    1: 31, 10, 64, 0, 0
    2: 31, 10, 64, 0, 3
    3: 31, 10, 64, 0, 1
RDT: 113:
    0: 80, 0, 64, 0, 0
    0: 31, 4, 128, 5, 2
    1: 31, 8, 64, 5, 3
    2: 31, 8, 64, 5, 3
    3: 31, 8, 64, 6, 3
    4: 31, 8, 64, 6, 3
    1: 31, 6, 0, 5, 3
    2: 31, 6, 0, 5, 3
    3: 31, 0, 0, 6, 3
    4: 31, 0, 0, 6, 3
    0: 31, 4, 128, 5, 2
    1: 31, 8, 64, 5, 3
    2: 31, 8, 64, 5, 3
    3: 31, 8, 64, 6, 3
    4: 31, 8, 64, 6, 3
    5: 31, 8, 64, 6, 3
    1: 31, 6, 0, 5, 3
    2: 31, 6, 0, 5, 3
    3: 31, 0, 0, 6, 3
    4: 31, 0, 0, 6, 3
    5: 31, 0, 0, 6, 3
    0: 36, 0, 0, 14, 0
    1: 36, 0, 0, 14, 0
    2: 36, 0, 0, 14, 0
RDT: 114:
    0: 31, 1, 32, 43, 0
    1: 31, 1, 32, 6, 0
    2: 31, 1, 32, 43, 0
    3: 31, 1, 32, 6, 0
    4: 31, 3, 32, 43, 0
    5: 31, 3, 32, 6, 0
    6: 31, 3, 32, 43, 0
    0: 16, 0, 0, 3, 0
    1: 16, 6, 0, 6, 0
    2: 16, 6, 0, 3, 0
    0: 16, 6, 0, 3, 0
    1: 16, 3, 32, 6, 0
    2: 16, 6, 0, 3, 0
    3: 16, 0, 0, 6, 0
    4: 16, 6, 0, 3, 0
    255: 69, 0, 72, 0, 0
    0: 16, 6, 64, 5, 0
    0: 16, 6, 0, 5, 0
RDT: 115:
    0: 80, 0, 64, 0, 0
    0: 80, 0, 64, 0, 0
RDT: 117:
    1: 34, 0, 0, 14, 0
    0: 42, 0, 65, 18, 0
RDT: 118:
    1: 31, 64, 0, 9, 2
    2: 31, 64, 0, 9, 1
    3: 19, 64, 0, 45, 0
    0: 31, 64, 0, 9, 2
    1: 31, 64, 0, 9, 2
    2: 31, 64, 0, 9, 1
    3: 19, 64, 0, 45, 0
RDT: 119:
    0: 31, 2, 64, 0, 3
    1: 31, 72, 64, 7, 1
    2: 31, 72, 64, 41, 0
    3: 31, 72, 64, 7, 2
    4: 31, 72, 64, 41, 0
    1: 31, 64, 0, 7, 1
    2: 31, 64, 0, 41, 0
    3: 31, 64, 0, 7, 2
    4: 31, 64, 0, 41, 0
RDT: 11A:
    0: 18, 70, 0, 3, 131
    1: 19, 67, 0, 10, 131
RDT: 11B:
    0: 31, 70, 0, 7, 1
    1: 31, 64, 0, 8, 2
    2: 31, 64, 0, 7, 1
    3: 31, 64, 0, 8, 3
    4: 31, 64, 0, 7, 3
    5: 31, 64, 0, 8, 3
    0: 31, 70, 0, 7, 1
    1: 31, 64, 0, 8, 2
    2: 31, 64, 0, 7, 1
    3: 31, 64, 0, 8, 3
    4: 31, 64, 0, 7, 3
    5: 31, 64, 0, 8, 3
RDT: 11D:
    0: 31, 6, 0, 7, 1
    1: 31, 6, 0, 8, 2
    2: 31, 6, 0, 7, 0
    3: 31, 6, 0, 8, 0
    4: 31, 0, 128, 7, 2
    5: 31, 0, 128, 8, 0
    6: 31, 0, 128, 7, 3
RDT: 201:
    0: 34, 2, 68, 14, 0
    1: 18, 0, 32, 42, 0
    2: 18, 6, 0, 43, 0
    1: 18, 0, 0, 42, 0
    2: 18, 0, 32, 43, 0
    3: 18, 6, 0, 43, 0
    0: 38, 0, 0, 0, 0
    1: 37, 0, 0, 16, 0
    2: 37, 0, 0, 16, 0
RDT: 202:
    0: 74, 0, 8, 0, 0
    0: 74, 0, 0, 4, 0
    1: 30, 5, 64, 6, 128
    0: 74, 0, 0, 4, 0
    1: 30, 5, 64, 6, 131
    2: 30, 0, 0, 4, 131
    3: 30, 0, 0, 6, 131
    4: 30, 0, 0, 4, 131
    1: 31, 0, 0, 4, 131
    2: 31, 0, 0, 6, 131
    3: 31, 0, 0, 4, 131
    4: 31, 6, 0, 4, 131
    5: 31, 6, 0, 6, 131
RDT: 204:
    0: 34, 2, 5, 51, 0
    1: 34, 2, 5, 51, 0
    2: 34, 2, 5, 51, 0
    0: 31, 7, 192, 0, 3
    1: 34, 16, 69, 14, 0
    1: 34, 18, 5, 14, 0
    1: 31, 0, 0, 3, 3
    2: 31, 0, 0, 4, 3
    3: 31, 0, 0, 3, 3
    4: 31, 0, 0, 4, 1
    5: 31, 0, 0, 3, 3
    1: 31, 0, 0, 4, 3
    2: 31, 0, 0, 3, 2
    3: 31, 0, 0, 4, 3
    4: 31, 0, 0, 3, 3
    5: 31, 0, 0, 4, 1
    6: 31, 0, 0, 3, 2
    1: 31, 0, 0, 4, 1
    2: 31, 0, 0, 3, 3
    3: 31, 0, 0, 3, 3
RDT: 205:
    0: 47, 0, 32, 0, 0
    1: 46, 1, 0, 19, 0
    2: 46, 1, 0, 19, 0
    0: 45, 16, 0, 17, 0
    1: 45, 1, 0, 17, 0
    2: 45, 0, 0, 17, 0
    3: 45, 1, 0, 17, 0
    4: 45, 0, 0, 17, 0
    5: 45, 16, 0, 17, 0
    6: 45, 1, 0, 17, 0
    7: 45, 0, 0, 17, 0
    8: 45, 1, 0, 17, 0
    9: 45, 0, 0, 17, 0
    0: 16, 0, 0, 42, 0
    1: 16, 0, 0, 43, 0
    2: 16, 0, 0, 42, 0
    3: 16, 0, 0, 43, 0
    0: 16, 0, 0, 5, 0
    0: 16, 10, 64, 5, 0
    1: 16, 10, 64, 5, 0
    0: 16, 0, 0, 5, 0
    1: 16, 0, 0, 5, 0
RDT: 207:
    0: 19, 6, 0, 44, 0
    1: 31, 0, 0, 42, 1
    2: 31, 6, 0, 42, 1
    3: 31, 6, 0, 42, 1
    0: 19, 6, 0, 44, 0
    1: 31, 6, 0, 42, 1
    2: 31, 6, 0, 42, 1
    3: 31, 6, 0, 42, 1
    4: 31, 6, 0, 42, 1
    0: 19, 0, 0, 44, 0
    1: 31, 0, 0, 42, 1
    0: 57, 17, 0, 19, 0
    1: 57, 17, 0, 19, 0
    2: 47, 0, 32, 0, 0
RDT: 209:
    0: 31, 6, 0, 3, 3
    1: 31, 6, 0, 42, 3
    2: 31, 6, 0, 3, 3
    3: 31, 6, 0, 42, 3
    4: 31, 0, 0, 3, 3
    5: 31, 0, 0, 42, 3
RDT: 20A:
    0: 31, 0, 0, 3, 0
    1: 31, 6, 0, 4, 0
    2: 31, 6, 0, 3, 0
    3: 31, 6, 0, 4, 0
    4: 31, 6, 0, 3, 0
    5: 31, 6, 0, 4, 0
    0: 31, 6, 0, 3, 0
    1: 31, 6, 0, 3, 0
    2: 31, 6, 0, 3, 0
    3: 31, 6, 0, 3, 0
    4: 31, 6, 0, 3, 0
    5: 31, 6, 0, 3, 0
    0: 31, 0, 0, 3, 0
    1: 31, 6, 0, 3, 0
    2: 31, 6, 0, 3, 0
    3: 31, 6, 0, 3, 0
    4: 31, 6, 0, 3, 0
    5: 31, 6, 0, 3, 0
    95: 0, 164, 0, 0, 217
RDT: 20B:
    0: 31, 6, 0, 3, 3
    1: 31, 0, 0, 3, 3
    2: 31, 0, 0, 3, 3
    3: 31, 6, 0, 3, 3
    4: 31, 6, 0, 3, 3
    5: 31, 0, 0, 3, 3
    6: 31, 6, 0, 3, 3
    0: 31, 2, 64, 3, 3
    1: 31, 0, 0, 3, 3
    2: 31, 6, 0, 3, 3
    3: 31, 1, 0, 3, 3
    4: 31, 6, 0, 3, 3
    5: 31, 6, 0, 3, 3
    1: 31, 0, 0, 3, 3
    2: 31, 0, 0, 3, 3
    3: 31, 6, 0, 3, 3
    4: 31, 6, 0, 3, 3
RDT: 20C:
    0: 31, 6, 0, 42, 0
    1: 31, 0, 0, 42, 0
    2: 31, 6, 0, 42, 0
    3: 19, 0, 0, 44, 0
    0: 42, 6, 67, 18, 0
RDT: 20D:
    0: 42, 6, 67, 18, 0
    0: 42, 0, 0, 18, 0
    0: 34, 0, 0, 14, 0
RDT: 20E:
    0: 34, 19, 64, 14, 0
    0: 34, 16, 0, 14, 0
    1: 34, 2, 5, 14, 0
    0: 34, 0, 0, 14, 0
    1: 34, 2, 5, 14, 0
RDT: 20F:
    0: 32, 0, 0, 12, 0
    1: 32, 0, 0, 12, 0
    2: 32, 0, 0, 12, 0
    0: 32, 4, 0, 12, 0
    0: 31, 0, 0, 5, 3
    1: 31, 6, 0, 6, 3
    2: 31, 6, 0, 5, 3
    3: 31, 6, 0, 6, 3
    4: 31, 6, 0, 5, 3
    0: 31, 6, 0, 5, 3
    1: 31, 6, 0, 6, 3
    2: 31, 6, 0, 5, 3
    3: 31, 6, 0, 5, 3
    4: 31, 6, 0, 5, 3
RDT: 210:
    1: 16, 2, 64, 0, 0
RDT: 211:
    0: 32, 0, 0, 12, 0
    1: 32, 0, 0, 12, 0
    0: 32, 0, 0, 12, 0
    1: 32, 0, 0, 12, 0
    2: 32, 0, 0, 12, 0
    0: 34, 0, 0, 14, 0
    0: 34, 0, 0, 14, 0
    1: 34, 0, 0, 14, 0
    0: 31, 0, 0, 4, 1
    1: 31, 0, 0, 4, 1
    2: 31, 0, 0, 4, 1
    3: 31, 0, 0, 6, 1
    4: 31, 0, 0, 6, 1
    1: 18, 0, 0, 4, 1
    4: 18, 0, 0, 6, 1
    0: 33, 0, 0, 13, 0
    1: 33, 0, 0, 13, 0
    2: 33, 0, 0, 13, 0
    3: 33, 0, 0, 13, 0
    4: 33, 0, 0, 13, 0
    5: 33, 0, 0, 13, 0
    6: 33, 0, 0, 13, 0
    7: 33, 0, 0, 13, 0
    8: 33, 0, 0, 13, 0
RDT: 212:
    0: 32, 0, 0, 12, 0
    1: 32, 0, 0, 12, 0
    0: 32, 0, 0, 12, 0
    1: 32, 0, 0, 12, 0
RDT: 215:
    1: 18, 2, 64, 3, 0
    2: 18, 4, 64, 4, 0
    3: 18, 4, 64, 4, 0
    1: 18, 2, 64, 3, 0
    2: 18, 4, 64, 4, 0
    3: 18, 4, 64, 4, 0
    4: 18, 4, 64, 4, 0
    0: 18, 10, 64, 3, 0
    5: 18, 2, 64, 0, 0
    1: 18, 0, 0, 3, 0
    2: 18, 0, 0, 4, 0
    3: 18, 0, 0, 4, 0
    1: 18, 0, 0, 3, 0
    2: 18, 0, 0, 4, 0
    3: 18, 0, 0, 4, 0
    4: 18, 0, 0, 4, 0
    0: 18, 0, 0, 3, 0
    5: 18, 2, 64, 0, 0
    6: 34, 0, 0, 14, 0
    7: 34, 2, 5, 14, 0
RDT: 216:
    0: 32, 0, 0, 12, 0
    1: 32, 0, 0, 12, 0
    0: 32, 2, 0, 12, 0
    1: 32, 2, 0, 12, 0
    2: 32, 2, 0, 12, 0
RDT: 219:
    0: 31, 134, 0, 5, 0
    1: 31, 0, 0, 5, 0
    2: 31, 3, 32, 5, 0
    3: 31, 1, 32, 5, 0
    4: 31, 0, 0, 5, 0
    5: 31, 134, 0, 5, 0
    0: 18, 5, 64, 0, 0
    1: 18, 7, 64, 0, 0
    2: 32, 5, 0, 12, 0
    3: 32, 5, 0, 12, 0
    0: 18, 6, 0, 5, 0
    1: 18, 6, 0, 5, 0
    2: 18, 6, 0, 5, 0
RDT: 21A:
    0: 32, 7, 0, 12, 0
    1: 32, 8, 0, 12, 0
    1: 32, 7, 0, 12, 0
    0: 32, 0, 0, 12, 0
    1: 32, 0, 0, 12, 0
    0: 32, 2, 0, 12, 0
    1: 32, 2, 0, 12, 0
    2: 32, 2, 0, 12, 0
RDT: 21B:
    0: 64, 0, 8, 0, 0
    1: 75, 0, 0, 0, 0
    255: 69, 0, 0, 0, 0
    255: 69, 0, 4, 32, 0
RDT: 300:
    0: 64, 0, 8, 0, 0
    1: 39, 1, 0, 20, 0
    0: 64, 0, 10, 0, 0
    0: 66, 0, 8, 0, 0
    0: 66, 0, 8, 0, 0
    255: 69, 0, 4, 32, 0
RDT: 301:
    0: 68, 0, 2, 0, 0
    0: 68, 0, 1, 0, 0
RDT: 302:
    0: 37, 9, 0, 16, 0
    1: 37, 0, 0, 16, 0
    0: 37, 0, 0, 16, 0
    1: 37, 0, 0, 16, 0
RDT: 303:
    0: 19, 0, 0, 10, 0
    1: 31, 0, 0, 3, 0
    2: 31, 0, 0, 3, 0
    3: 31, 0, 0, 3, 0
    4: 31, 0, 0, 3, 0
RDT: 305:
    0: 32, 0, 0, 12, 0
    1: 32, 0, 0, 12, 0
    1: 31, 6, 0, 5, 1
    2: 31, 6, 0, 5, 0
    3: 31, 6, 0, 6, 0
RDT: 307:
    255: 81, 0, 64, 0, 0
    255: 69, 0, 64, 0, 0
    255: 69, 0, 72, 0, 0
RDT: 308:
    0: 64, 0, 0, 0, 0
    1: 48, 2, 0, 0, 0
    255: 69, 0, 4, 32, 0
RDT: 309:
    255: 69, 0, 4, 32, 0
    255: 69, 0, 4, 32, 0
    255: 69, 0, 12, 32, 0
    255: 69, 0, 12, 32, 0
    0: 40, 0, 0, 21, 0
    1: 39, 0, 0, 20, 0
    0: 40, 1, 0, 21, 0
    1: 39, 0, 0, 20, 0
    2: 39, 3, 0, 20, 0
    3: 39, 3, 0, 20, 0
    0: 48, 0, 0, 24, 0
    0: 48, 1, 0, 24, 0
RDT: 30A:
    255: 69, 0, 4, 32, 0
    255: 69, 0, 12, 32, 0
    0: 48, 3, 64, 28, 0
    1: 42, 1, 64, 18, 0
RDT: 30B:
    1: 18, 0, 0, 5, 0
    2: 18, 0, 0, 5, 0
    3: 18, 0, 0, 5, 0
    4: 18, 0, 0, 5, 0
RDT: 400:
    255: 81, 0, 0, 30, 0
    255: 69, 0, 8, 32, 0
RDT: 401:
    255: 69, 0, 4, 32, 0
    0: 24, 0, 16, 6, 2
    0: 24, 0, 16, 6, 2
RDT: 402:
    0: 31, 6, 0, 36, 0
    1: 31, 0, 0, 36, 0
    2: 31, 0, 0, 36, 0
    255: 69, 0, 4, 32, 0
    255: 69, 0, 4, 32, 0
RDT: 404:
    0: 80, 0, 1, 0, 0
    255: 69, 0, 4, 32, 0
RDT: 405:
    255: 69, 0, 4, 32, 0
    255: 69, 0, 4, 32, 0
    255: 69, 0, 4, 32, 0
    0: 18, 0, 0, 37, 0
    1: 18, 0, 0, 37, 0
    2: 18, 0, 0, 37, 0
    0: 18, 0, 0, 3, 0
    1: 18, 0, 0, 3, 0
    2: 18, 0, 0, 3, 0
    0: 18, 2, 64, 37, 0
    1: 18, 4, 64, 37, 0
    2: 18, 4, 64, 37, 0
    0: 18, 2, 64, 3, 0
    1: 18, 4, 64, 3, 0
    2: 18, 4, 64, 3, 0
    0: 37, 75, 0, 16, 0
    1: 37, 67, 0, 16, 0
RDT: 407:
    255: 69, 0, 4, 32, 0
    255: 69, 0, 4, 32, 0
    255: 69, 0, 4, 32, 0
    0: 37, 67, 0, 16, 0
    1: 37, 67, 0, 16, 0
RDT: 408:
    0: 71, 0, 8, 0, 0
    0: 71, 0, 0, 0, 0
    0: 71, 1, 0, 0, 0
    255: 69, 0, 4, 32, 0
    255: 69, 0, 4, 32, 0
RDT: 409:
    255: 69, 0, 4, 32, 0
    255: 69, 0, 4, 32, 0
RDT: 40A:
    255: 65, 0, 8, 0, 0
    255: 69, 0, 0, 0, 0
    0: 35, 0, 0, 22, 0
    255: 69, 0, 4, 32, 0
    255: 69, 0, 4, 32, 0
RDT: 40B:
    0: 41, 0, 0, 15, 0
    1: 41, 0, 0, 15, 0
    2: 41, 0, 0, 15, 0
    3: 41, 0, 0, 15, 0
    4: 41, 0, 0, 15, 0
    5: 41, 0, 0, 15, 0
    6: 41, 0, 0, 15, 0
    7: 41, 0, 0, 15, 0
    8: 41, 0, 0, 15, 0
    9: 41, 0, 0, 15, 0
    10: 41, 0, 0, 15, 0
    11: 41, 0, 0, 15, 0
    12: 41, 0, 0, 15, 0
    13: 41, 0, 0, 15, 0
    14: 41, 0, 0, 15, 0
    15: 41, 0, 0, 15, 0
    16: 41, 0, 0, 15, 0
    17: 41, 0, 0, 15, 0
    18: 41, 0, 0, 15, 0
    19: 41, 0, 0, 15, 0
    20: 41, 0, 0, 15, 0
    21: 41, 0, 0, 15, 0
    22: 41, 0, 0, 15, 0
    23: 41, 0, 0, 15, 0
    255: 69, 0, 4, 32, 0
    255: 69, 0, 4, 32, 0
RDT: 40C:
    0: 48, 1, 0, 0, 0
RDT: 40D:
    255: 69, 0, 4, 32, 0
    255: 69, 0, 4, 32, 0
RDT: 40E:
    255: 69, 0, 4, 32, 0
    255: 69, 0, 0, 0, 0
    255: 69, 0, 4, 32, 0
RDT: 40F:
    0: 41, 0, 0, 15, 0
    1: 41, 0, 0, 15, 0
    2: 41, 0, 0, 15, 0
    3: 41, 0, 0, 15, 0
    4: 41, 0, 0, 15, 0
    5: 41, 0, 0, 15, 0
    6: 41, 0, 0, 15, 0
    7: 41, 0, 0, 15, 0
    8: 41, 0, 0, 15, 0
    9: 41, 0, 0, 15, 0
    10: 41, 0, 0, 15, 0
    11: 41, 0, 0, 15, 0
    12: 41, 0, 0, 15, 0
    13: 41, 0, 0, 15, 0
    14: 41, 0, 0, 15, 0
    15: 41, 0, 0, 15, 0
    16: 41, 0, 0, 15, 0
    17: 41, 0, 0, 15, 0
    18: 41, 0, 0, 15, 0
    19: 41, 0, 0, 15, 0
    20: 41, 0, 0, 15, 0
    21: 41, 0, 0, 15, 0
    22: 41, 0, 0, 15, 0
    23: 41, 0, 0, 15, 0
RDT: 410:
    255: 69, 0, 0, 32, 0
    0: 48, 5, 64, 0, 0
    255: 69, 0, 4, 32, 0
    255: 69, 0, 4, 32, 0
RDT: 501:
    255: 69, 0, 4, 32, 0
RDT: 502:
    0: 31, 0, 0, 3, 1
    1: 31, 0, 0, 3, 1
    2: 31, 6, 0, 3, 2
    3: 31, 6, 0, 3, 2
    4: 31, 4, 64, 3, 1
    255: 69, 0, 4, 32, 0
    255: 69, 0, 4, 32, 0
RDT: 503:
    255: 69, 0, 8, 0, 0
    255: 69, 0, 8, 0, 0
    255: 69, 0, 4, 32, 0
    255: 69, 0, 4, 32, 0
    255: 69, 0, 4, 32, 0
RDT: 504:
    255: 65, 0, 4, 31, 0
    255: 69, 0, 4, 32, 0
RDT: 505:
    255: 69, 0, 0, 0, 0
    255: 69, 0, 0, 0, 0
    255: 79, 0, 8, 0, 0
    255: 79, 0, 8, 0, 0
    255: 69, 0, 4, 32, 0
    93: 0, 115, 0, 0, 248
RDT: 507:
    0: 42, 3, 65, 18, 0
RDT: 508:
    0: 31, 6, 0, 5, 1
    1: 31, 6, 0, 5, 1
    2: 31, 6, 0, 5, 1
    3: 31, 6, 0, 5, 2
    0: 31, 0, 0, 5, 1
    1: 31, 0, 0, 5, 1
    2: 31, 6, 0, 5, 1
    3: 31, 6, 0, 5, 2
    255: 69, 0, 4, 32, 0
    255: 69, 0, 4, 32, 0
RDT: 509:
    0: 49, 0, 0, 33, 0
    0: 51, 0, 96, 34, 0
RDT: 601:
    255: 79, 0, 4, 32, 0
RDT: 603:
    1: 22, 5, 64, 0, 0
    0: 44, 0, 64, 0, 0
RDT: 604:
    1: 79, 0, 8, 0, 0
    0: 42, 5, 64, 18, 0
RDT: 605:
    0: 36, 0, 0, 51, 0
    1: 36, 0, 0, 51, 0
RDT: 606:
    0: 23, 0, 0, 46, 0
    1: 23, 0, 0, 46, 0
    2: 23, 0, 0, 46, 0
    3: 23, 6, 0, 46, 0
    4: 23, 6, 0, 46, 0
    255: 79, 0, 4, 32, 0
    255: 79, 0, 4, 32, 0
RDT: 607:
    255: 79, 0, 0, 0, 0
    255: 79, 0, 4, 32, 0
    255: 79, 0, 4, 32, 0
    255: 79, 0, 4, 32, 0
    255: 79, 0, 0, 0, 0
RDT: 608:
    0: 63, 0, 0, 0, 0
    255: 79, 0, 0, 0, 0
    1: 71, 0, 9, 0, 0
    255: 79, 0, 0, 0, 0
    1: 71, 0, 9, 0, 0
    255: 79, 0, 4, 0, 0
RDT: 609:
    0: 36, 0, 0, 51, 0
    1: 36, 0, 0, 51, 0
RDT: 60B:
    0: 47, 0, 32, 0, 0
    1: 46, 7, 96, 19, 0
    2: 46, 7, 96, 19, 0
    1: 46, 18, 96, 19, 0
    2: 46, 18, 96, 19, 0
    1: 46, 18, 96, 19, 0
    2: 46, 18, 96, 19, 0
    1: 46, 18, 96, 19, 0
    2: 46, 18, 96, 19, 0
    1: 57, 18, 96, 19, 0
    2: 57, 18, 96, 19, 0
    1: 57, 18, 96, 19, 0
    2: 57, 18, 96, 19, 0
    1: 46, 18, 96, 19, 0
    1: 46, 18, 96, 19, 0
    2: 46, 18, 96, 19, 0
    2: 46, 18, 96, 19, 0
    1: 57, 18, 96, 19, 0
    1: 57, 18, 96, 19, 0
    2: 57, 18, 96, 19, 0
    2: 57, 18, 96, 19, 0
RDT: 60D:
    0: 62, 0, 64, 0, 0
RDT: 60E:
    0: 47, 0, 32, 0, 0
    1: 47, 33, 32, 0, 0
    2: 47, 33, 32, 0, 0
    3: 47, 33, 32, 0, 0
    4: 47, 33, 32, 0, 0
    5: 47, 33, 32, 0, 0
    6: 47, 33, 32, 0, 0
    0: 47, 0, 32, 0, 0
    1: 47, 33, 32, 0, 0
    2: 47, 33, 32, 0, 0
    3: 47, 33, 32, 0, 0
    4: 47, 33, 32, 0, 0
    5: 47, 33, 32, 0, 0
    6: 47, 33, 32, 0, 0
    7: 46, 0, 0, 19, 0
    8: 47, 0, 32, 19, 0
    7: 46, 0, 0, 19, 0
    8: 47, 0, 32, 19, 0
    7: 46, 6, 0, 19, 0
    8: 47, 0, 32, 19, 0
    7: 57, 0, 0, 19, 0
    8: 47, 0, 32, 19, 0
RDT: 60F:
    0: 36, 0, 0, 51, 0
    1: 36, 0, 0, 51, 0
    2: 36, 0, 0, 51, 0
RDT: 610:
    2: 47, 0, 32, 19, 0
    3: 47, 0, 32, 19, 0
    0: 46, 16, 0, 19, 0
    1: 46, 16, 0, 19, 0
    0: 57, 16, 0, 19, 0
    1: 57, 16, 0, 19, 0
    0: 21, 0, 0, 47, 128
    1: 21, 6, 0, 47, 128
    2: 21, 0, 0, 47, 128
    3: 22, 0, 0, 47, 128
    4: 22, 0, 0, 47, 128
RDT: 612:
    0: 71, 0, 72, 0, 0
    255: 79, 0, 64, 0, 0
    1: 42, 7, 64, 18, 128
    0: 80, 0, 64, 0, 0
RDT: 613:
    1: 58, 16, 0, 23, 0
    2: 59, 8, 32, 40, 0
    3: 59, 8, 32, 40, 0
    4: 59, 8, 32, 40, 0
    5: 59, 8, 32, 40, 0
    6: 59, 8, 32, 40, 0
    7: 59, 8, 32, 40, 0
RDT: 614:
    0: 73, 0, 8, 0, 0
    1: 51, 2, 96, 49, 0
    0: 73, 0, 9, 0, 0
    0: 59, 2, 96, 40, 0
RDT: 615:
    0: 23, 0, 0, 46, 0
    1: 23, 0, 0, 46, 0
    2: 23, 0, 0, 46, 0
    3: 23, 0, 0, 46, 0
    4: 23, 0, 0, 46, 0
    0: 22, 0, 0, 47, 0
    1: 22, 0, 0, 47, 0
    2: 22, 0, 0, 47, 0
    3: 22, 0, 0, 47, 0
    4: 22, 0, 0, 47, 0
RDT: 616:
    0: 36, 3, 5, 51, 0
    0: 36, 0, 0, 51, 0
    1: 36, 3, 5, 51, 0
    1: 36, 0, 0, 51, 0
    2: 36, 0, 0, 51, 0
    3: 36, 0, 0, 51, 0
    0: 23, 6, 0, 46, 0
    1: 23, 6, 0, 46, 0
    2: 23, 0, 0, 46, 0
    3: 23, 0, 0, 46, 0
    4: 23, 0, 0, 46, 0
RDT: 617:
    0: 52, 0, 0, 38, 0
RDT: 700:
    255: 79, 0, 4, 0, 0
    0: 23, 6, 0, 46, 0
    1: 23, 6, 0, 46, 0
    2: 23, 6, 0, 46, 0
    3: 23, 6, 0, 46, 0
    4: 23, 6, 0, 46, 0
RDT: 702:
    255: 65, 0, 2, 0, 0
    0: 43, 0, 0, 26, 0
RDT: 703:
    0: 84, 0, 64, 0, 0
    1: 79, 0, 64, 0, 0
    1: 79, 0, 64, 0, 0
RDT: 704:
    0: 54, 0, 128, 39, 0
    1: 55, 1, 0, 39, 0
    2: 55, 0, 0, 39, 0
    3: 55, 0, 0, 39, 0
    4: 55, 0, 0, 39, 0
RDT: A02:
    0: 0, 0, 0, 0, 2
RDT: A09:
    2: 47, 0, 96, 0, 0
RDT: A0A:
    0: 57, 17, 0, 19, 0
    1: 57, 16, 0, 19, 0
    2: 47, 0, 32, 0, 0
RDT: A17:
    2: 47, 0, 96, 19, 0
RDT: A18:
    0: 31, 0, 0, 9, 2
    2: 31, 0, 0, 9, 1
    0: 31, 0, 0, 9, 2
    1: 31, 0, 0, 9, 2
    2: 31, 0, 0, 9, 1
    3: 19, 0, 0, 45, 0
RDT: A1A:
    0: 31, 4, 64, 1, 0
    1: 31, 2, 64, 2, 0
    2: 31, 1, 32, 1, 0
    3: 31, 2, 64, 2, 0
    4: 31, 4, 64, 1, 0
    5: 31, 1, 32, 2, 0
    6: 31, 2, 64, 1, 0
RDT: A1B:
    0: 31, 70, 0, 7, 1
    1: 31, 64, 0, 8, 2
    2: 31, 64, 0, 7, 1
    3: 31, 64, 0, 8, 3
    4: 31, 64, 0, 7, 3
    5: 31, 64, 0, 8, 3
    0: 31, 70, 0, 7, 1
    1: 31, 64, 0, 8, 2
    2: 31, 64, 0, 7, 1
    3: 31, 64, 0, 8, 3
    4: 31, 64, 0, 7, 3
    5: 31, 64, 0, 8, 3
RDT: B09:
    0: 37, 0, 0, 16, 0
    1: 37, 0, 0, 16, 0
    2: 38, 0, 32, 16, 0
RDT: B10:
    2: 47, 0, 32, 0, 0
RDT: B12:
    0: 33, 0, 0, 13, 0
    1: 33, 0, 0, 13, 0
    2: 33, 0, 0, 13, 0
    3: 33, 0, 0, 13, 0
    4: 33, 0, 0, 13, 0
    5: 33, 0, 0, 13, 0
    6: 33, 0, 0, 13, 0
    7: 33, 0, 0, 13, 0
    8: 33, 0, 0, 13, 0
RDT: B16:
    1: 33, 0, 0, 13, 0
    4: 33, 0, 0, 13, 0
    5: 33, 0, 0, 13, 0
    6: 33, 0, 0, 13, 0
    8: 33, 0, 0, 13, 0
RDT: C07:
    0: 38, 2, 32, 16, 0
    1: 38, 2, 32, 16, 0
    2: 38, 2, 32, 16, 0
    3: 38, 2, 32, 16, 0
    4: 38, 2, 32, 16, 0
    5: 38, 2, 32, 16, 0
    6: 38, 2, 32, 16, 0
    7: 38, 2, 32, 16, 0
    8: 38, 2, 32, 16, 0
    9: 38, 2, 32, 16, 0
    10: 38, 2, 32, 16, 0
    11: 38, 2, 32, 16, 0
    12: 38, 2, 32, 16, 0
    13: 38, 2, 32, 16, 0
    14: 38, 2, 32, 16, 0
    15: 38, 2, 32, 16, 0
    16: 38, 2, 32, 16, 0
    17: 38, 2, 32, 16, 0
    18: 38, 2, 32, 16, 0
    19: 38, 2, 32, 16, 0
    20: 38, 2, 32, 16, 0
    21: 38, 2, 32, 16, 0
    22: 38, 2, 32, 16, 0
    23: 38, 2, 32, 16, 0
    24: 38, 2, 32, 16, 0
RDT: C08:
    3: 38, 0, 32, 16, 0
    1: 39, 0, 0, 20, 0
    2: 39, 3, 0, 20, 0
    3: 39, 3, 0, 20, 0
    4: 39, 3, 0, 20, 0
RDT: C09:
    2: 47, 0, 96, 19, 0
RDT: C0B:
    0: 46, 17, 0, 19, 0
    1: 46, 16, 0, 19, 0
    2: 47, 0, 32, 0, 0
RDT: D00:
    0: 24, 6, 16, 36, 0
    1: 24, 6, 16, 36, 0
    0: 24, 0, 0, 36, 0
    1: 24, 0, 0, 36, 0
    2: 24, 0, 0, 36, 0
RDT: D02:
    0: 18, 1, 0, 36, 0
    1: 18, 1, 0, 36, 0
    2: 18, 1, 0, 36, 0
    3: 18, 1, 0, 36, 0
RDT: D05:
    0: 18, 0, 0, 37, 0
    1: 18, 0, 0, 37, 0
    2: 18, 0, 0, 37, 0
    0: 18, 0, 0, 3, 0
    1: 18, 0, 0, 3, 0
    2: 18, 0, 0, 3, 0
    0: 18, 2, 64, 37, 0
    1: 18, 4, 64, 37, 0
    2: 18, 4, 64, 37, 0
    0: 18, 2, 64, 3, 0
    1: 18, 4, 64, 3, 0
    2: 18, 4, 64, 3, 0
    0: 37, 75, 0, 16, 0
    1: 37, 67, 0, 16, 0
RDT: D07:
    0: 32, 1, 0, 12, 0
    1: 32, 1, 0, 12, 0
    2: 32, 1, 0, 12, 0
    3: 32, 1, 0, 12, 0
RDT: D09:
    0: 47, 0, 32, 0, 0
    1: 57, 17, 0, 19, 0
RDT: D0B:
    0: 41, 0, 0, 15, 0
    1: 41, 0, 0, 15, 0
    2: 41, 0, 0, 15, 0
    3: 41, 0, 0, 15, 0
    4: 41, 0, 0, 15, 0
    5: 41, 0, 0, 15, 0
    6: 41, 0, 0, 15, 0
    7: 41, 0, 0, 15, 0
    8: 41, 0, 0, 15, 0
    9: 41, 0, 0, 15, 0
    10: 41, 0, 0, 15, 0
    11: 41, 0, 0, 15, 0
    12: 41, 0, 0, 15, 0
    13: 41, 0, 0, 15, 0
    14: 41, 0, 0, 15, 0
    15: 41, 0, 0, 15, 0
    16: 41, 0, 0, 15, 0
    17: 41, 0, 0, 15, 0
    18: 41, 0, 0, 15, 0
    19: 41, 0, 0, 15, 0
    20: 41, 0, 0, 15, 0
    21: 41, 0, 0, 15, 0
    22: 41, 0, 0, 15, 0
    23: 41, 0, 0, 15, 0
RDT: D10:
    0: 32, 0, 0, 12, 0
    1: 32, 0, 0, 12, 0
    2: 32, 0, 0, 12, 0
RDT: E08:
    0: 42, 0, 2, 18, 0
RDT: F08:
    0: 32, 0, 0, 12, 0
    1: 32, 0, 0, 12, 0
    2: 32, 0, 0, 12, 0
    0: 31, 0, 0, 5, 1
    1: 31, 0, 0, 6, 2
    2: 31, 0, 0, 5, 2
    3: 31, 0, 0, 6, 1
    4: 31, 0, 0, 5, 2
    5: 31, 0, 0, 6, 2
    6: 0, 43, 0, 0, 250
RDT: F09:
    2: 47, 0, 96, 19, 0
RDT: F0A:
    2: 38, 0, 32, 16, 0
RDT: F10:
    2: 38, 0, 64, 16, 0
RDT: F13:
    2: 38, 0, 32, 16, 0
RDT: F15:
    0: 38, 2, 32, 16, 0
    1: 38, 2, 32, 16, 0
    2: 38, 2, 32, 16, 0
    3: 38, 2, 32, 16, 0
    4: 38, 2, 32, 16, 0
    5: 38, 2, 32, 16, 0
    6: 38, 2, 32, 16, 0
    7: 38, 2, 32, 16, 0
    8: 38, 2, 32, 16, 0
    9: 38, 2, 32, 16, 0
    10: 38, 2, 32, 16, 0
    11: 38, 2, 32, 16, 0
    12: 38, 2, 32, 16, 0
    13: 38, 2, 32, 16, 0
    14: 38, 2, 32, 16, 0
    15: 38, 2, 32, 16, 0
    16: 38, 2, 32, 16, 0
    17: 38, 2, 32, 16, 0
    18: 38, 2, 32, 16, 0
    19: 38, 2, 32, 16, 0
    20: 38, 2, 32, 16, 0
    21: 38, 2, 32, 16, 0
    22: 38, 2, 32, 16, 0
    23: 38, 2, 32, 16, 0
    24: 38, 2, 32, 16, 0
    25: 38, 2, 32, 16, 0
    26: 38, 2, 32, 16, 0
